At time 1761051889.862922352
- Translation: [0.000, 0.000, 0.000]
- Rotation: in Quaternion (xyzw) [0.000, 0.000, -0.709, 0.705]
- Rotation: in RPY (radian) [0.000, 0.000, -1.577]
- Rotation: in RPY (degree) [0.000, 0.000, -90.358]
- Matrix:
 -0.006  1.000  0.000  0.000
 -1.000 -0.006 -0.000  0.000
 -0.000  0.000  1.000  0.000
  0.000  0.000  0.000  1.000
At time 1761051891.583358065
- Translation: [0.000, 0.000, 0.000]
- Rotation: in Quaternion (xyzw) [0.000, 0.000, -0.709, 0.705]
- Rotation: in RPY (radian) [0.000, 0.000, -1.577]
- Rotation: in RPY (degree) [0.000, 0.000, -90.358]
- Matrix:
 -0.006  1.000  0.000  0.000
 -1.000 -0.006 -0.000  0.000
 -0.000  0.000  1.000  0.000
  0.000  0.000  0.000  1.000
At time 1761051891.871640002
- Translation: [0.000, 0.000, 0.000]
- Rotation: in Quaternion (xyzw) [0.000, 0.000, -0.709, 0.705]
- Rotation: in RPY (radian) [0.000, 0.000, -1.577]
- Rotation: in RPY (degree) [0.000, 0.000, -90.358]
- Matrix:
 -0.006  1.000  0.000  0.000
 -1.000 -0.006 -0.000  0.000
 -0.000  0.000  1.000  0.000
  0.000  0.000  0.000  1.000
At time 1761051892.863181782
- Translation: [0.000, 0.000, 0.000]
- Rotation: in Quaternion (xyzw) [0.000, 0.000, -0.709, 0.705]
- Rotation: in RPY (radian) [0.000, 0.000, -1.577]
- Rotation: in RPY (degree) [0.000, 0.000, -90.358]
- Matrix:
 -0.006  1.000  0.000  0.000
 -1.000 -0.006 -0.000  0.000
 -0.000  0.000  1.000  0.000
  0.000  0.000  0.000  1.000
At time 1761051893.871207807
- Translation: [0.000, 0.000, 0.000]
- Rotation: in Quaternion (xyzw) [0.000, 0.000, -0.709, 0.705]
- Rotation: in RPY (radian) [0.000, 0.000, -1.577]
- Rotation: in RPY (degree) [0.000, 0.000, -90.358]
- Matrix:
 -0.006  1.000  0.000  0.000
 -1.000 -0.006 -0.000  0.000
 -0.000  0.000  1.000  0.000
  0.000  0.000  0.000  1.000
At time 1761051894.879053773
- Translation: [0.000, 0.000, 0.000]
- Rotation: in Quaternion (xyzw) [0.000, 0.000, -0.709, 0.705]
- Rotation: in RPY (radian) [0.000, 0.000, -1.577]
- Rotation: in RPY (degree) [0.000, 0.000, -90.358]
- Matrix:
 -0.006  1.000  0.000  0.000
 -1.000 -0.006 -0.000  0.000
 -0.000  0.000  1.000  0.000
  0.000  0.000  0.000  1.000
At time 1761051895.871490387
- Translation: [0.000, 0.000, 0.000]
- Rotation: in Quaternion (xyzw) [0.000, 0.000, -0.709, 0.705]
- Rotation: in RPY (radian) [0.000, 0.000, -1.577]
- Rotation: in RPY (degree) [0.000, 0.000, -90.358]
- Matrix:
 -0.006  1.000  0.000  0.000
 -1.000 -0.006 -0.000  0.000
 -0.000  0.000  1.000  0.000
  0.000  0.000  0.000  1.000
At time 1761051896.863243824
- Translation: [0.000, 0.000, 0.000]
- Rotation: in Quaternion (xyzw) [0.000, 0.000, -0.709, 0.705]
- Rotation: in RPY (radian) [0.000, 0.000, -1.577]
- Rotation: in RPY (degree) [0.000, 0.000, -90.358]
- Matrix:
 -0.006  1.000  0.000  0.000
 -1.000 -0.006 -0.000  0.000
 -0.000  0.000  1.000  0.000
  0.000  0.000  0.000  1.000
At time 1761051897.871411859
- Translation: [0.000, 0.000, 0.000]
- Rotation: in Quaternion (xyzw) [0.000, 0.000, -0.709, 0.705]
- Rotation: in RPY (radian) [0.000, 0.000, -1.577]
- Rotation: in RPY (degree) [0.000, 0.000, -90.358]
- Matrix:
 -0.006  1.000  0.000  0.000
 -1.000 -0.006 -0.000  0.000
 -0.000  0.000  1.000  0.000
  0.000  0.000  0.000  1.000
At time 1761051898.879239765
- Translation: [0.000, 0.000, 0.000]
- Rotation: in Quaternion (xyzw) [0.000, 0.000, -0.709, 0.705]
- Rotation: in RPY (radian) [0.000, 0.000, -1.577]
- Rotation: in RPY (degree) [0.000, 0.000, -90.358]
- Matrix:
 -0.006  1.000  0.000  0.000
 -1.000 -0.006 -0.000  0.000
 -0.000  0.000  1.000  0.000
  0.000  0.000  0.000  1.000
At time 1761051899.872042401
- Translation: [0.000, 0.000, 0.000]
- Rotation: in Quaternion (xyzw) [0.000, 0.000, -0.709, 0.705]
- Rotation: in RPY (radian) [0.000, 0.000, -1.577]
- Rotation: in RPY (degree) [0.000, 0.000, -90.358]
- Matrix:
 -0.006  1.000  0.000  0.000
 -1.000 -0.006 -0.000  0.000
 -0.000  0.000  1.000  0.000
  0.000  0.000  0.000  1.000
At time 1761051900.879267050
- Translation: [0.606, -0.880, 0.000]
- Rotation: in Quaternion (xyzw) [0.000, 0.000, -0.146, 0.989]
- Rotation: in RPY (radian) [0.000, 0.000, -0.293]
- Rotation: in RPY (degree) [0.000, 0.000, -16.772]
- Matrix:
  0.957  0.289  0.000  0.606
 -0.289  0.957 -0.000 -0.880
 -0.000  0.000  1.000  0.000
  0.000  0.000  0.000  1.000
At time 1761051901.871661092
- Translation: [1.287, 0.696, 0.000]
- Rotation: in Quaternion (xyzw) [0.000, 0.000, 0.632, 0.775]
- Rotation: in RPY (radian) [0.000, -0.000, 1.367]
- Rotation: in RPY (degree) [0.000, -0.000, 78.346]
- Matrix:
  0.202 -0.979  0.000  1.287
  0.979  0.202  0.000  0.696
  0.000  0.000  1.000  0.000
  0.000  0.000  0.000  1.000
At time 1761051902.864196295
- Translation: [1.072, 1.336, 0.000]
- Rotation: in Quaternion (xyzw) [0.000, 0.000, 0.731, 0.683]
- Rotation: in RPY (radian) [0.000, -0.000, 1.639]
- Rotation: in RPY (degree) [0.000, -0.000, 93.884]
- Matrix:
 -0.068 -0.998  0.000  1.072
  0.998 -0.068  0.000  1.336
  0.000  0.000  1.000  0.000
  0.000  0.000  0.000  1.000
At time 1761051903.871232634
- Translation: [1.157, 1.169, 0.000]
- Rotation: in Quaternion (xyzw) [0.000, 0.000, 0.850, 0.527]
- Rotation: in RPY (radian) [0.000, -0.000, 2.032]
- Rotation: in RPY (degree) [0.000, -0.000, 116.416]
- Matrix:
 -0.445 -0.896  0.000  1.157
  0.896 -0.445  0.000  1.169
  0.000  0.000  1.000  0.000
  0.000  0.000  0.000  1.000
At time 1761051904.863240826
- Translation: [1.184, 1.474, 0.000]
- Rotation: in Quaternion (xyzw) [0.000, 0.000, 0.793, 0.610]
- Rotation: in RPY (radian) [0.000, -0.000, 1.830]
- Rotation: in RPY (degree) [0.000, -0.000, 104.863]
- Matrix:
 -0.257 -0.967  0.000  1.184
  0.967 -0.257  0.000  1.474
  0.000  0.000  1.000  0.000
  0.000  0.000  0.000  1.000
At time 1761051905.871763703
- Translation: [1.354, 1.677, 0.000]
- Rotation: in Quaternion (xyzw) [0.000, 0.000, 0.713, 0.701]
- Rotation: in RPY (radian) [0.000, -0.000, 1.589]
- Rotation: in RPY (degree) [0.000, -0.000, 91.029]
- Matrix:
 -0.018 -1.000  0.000  1.354
  1.000 -0.018  0.000  1.677
  0.000  0.000  1.000  0.000
  0.000  0.000  0.000  1.000
At time 1761051906.863679802
- Translation: [1.136, 1.411, 0.000]
- Rotation: in Quaternion (xyzw) [0.000, 0.000, 0.838, 0.546]
- Rotation: in RPY (radian) [0.000, -0.000, 1.987]
- Rotation: in RPY (degree) [0.000, -0.000, 113.874]
- Matrix:
 -0.405 -0.914  0.000  1.136
  0.914 -0.405  0.000  1.411
  0.000  0.000  1.000  0.000
  0.000  0.000  0.000  1.000
At time 1761051907.871348192
- Translation: [1.561, 1.805, 0.000]
- Rotation: in Quaternion (xyzw) [0.000, 0.000, 0.525, 0.851]
- Rotation: in RPY (radian) [0.000, -0.000, 1.107]
- Rotation: in RPY (degree) [0.000, -0.000, 63.401]
- Matrix:
  0.448 -0.894  0.000  1.561
  0.894  0.448  0.000  1.805
  0.000  0.000  1.000  0.000
  0.000  0.000  0.000  1.000
At time 1761051908.864629814
- Translation: [1.394, 0.448, 0.000]
- Rotation: in Quaternion (xyzw) [0.000, 0.000, 0.140, 0.990]
- Rotation: in RPY (radian) [0.000, -0.000, 0.282]
- Rotation: in RPY (degree) [0.000, -0.000, 16.144]
- Matrix:
  0.961 -0.278  0.000  1.394
  0.278  0.961  0.000  0.448
  0.000  0.000  1.000  0.000
  0.000  0.000  0.000  1.000
At time 1761051909.871442745
- Translation: [0.740, 0.101, 0.000]
- Rotation: in Quaternion (xyzw) [0.000, 0.000, -0.017, 1.000]
- Rotation: in RPY (radian) [0.000, 0.000, -0.035]
- Rotation: in RPY (degree) [0.000, 0.000, -2.003]
- Matrix:
  0.999  0.035  0.000  0.740
 -0.035  0.999 -0.000  0.101
 -0.000  0.000  1.000  0.000
  0.000  0.000  0.000  1.000
At time 1761051910.862950563
- Translation: [0.374, 0.025, 0.000]
- Rotation: in Quaternion (xyzw) [0.000, 0.000, -0.085, 0.996]
- Rotation: in RPY (radian) [0.000, 0.000, -0.171]
- Rotation: in RPY (degree) [0.000, 0.000, -9.797]
- Matrix:
  0.985  0.170  0.000  0.374
 -0.170  0.985 -0.000  0.025
 -0.000  0.000  1.000  0.000
  0.000  0.000  0.000  1.000
At time 1761051911.871828694
- Translation: [0.185, 0.006, 0.000]
- Rotation: in Quaternion (xyzw) [0.000, 0.000, -0.119, 0.993]
- Rotation: in RPY (radian) [0.000, 0.000, -0.238]
- Rotation: in RPY (degree) [0.000, 0.000, -13.641]
- Matrix:
  0.972  0.236  0.000  0.185
 -0.236  0.972 -0.000  0.006
 -0.000  0.000  1.000  0.000
  0.000  0.000  0.000  1.000
At time 1761051912.863566878
- Translation: [0.093, 0.001, 0.000]
- Rotation: in Quaternion (xyzw) [0.000, 0.000, -0.135, 0.991]
- Rotation: in RPY (radian) [0.000, 0.000, -0.270]
- Rotation: in RPY (degree) [0.000, 0.000, -15.463]
- Matrix:
  0.964  0.267  0.000  0.093
 -0.267  0.964 -0.000  0.001
 -0.000  0.000  1.000  0.000
  0.000  0.000  0.000  1.000
At time 1761051913.870998739
- Translation: [0.046, 0.000, 0.000]
- Rotation: in Quaternion (xyzw) [0.000, 0.000, -0.142, 0.990]
- Rotation: in RPY (radian) [0.000, 0.000, -0.286]
- Rotation: in RPY (degree) [0.000, 0.000, -16.364]
- Matrix:
  0.959  0.282  0.000  0.046
 -0.282  0.959 -0.000  0.000
 -0.000  0.000  1.000  0.000
  0.000  0.000  0.000  1.000
At time 1761051914.879220673
- Translation: [0.023, 0.000, 0.000]
- Rotation: in Quaternion (xyzw) [0.000, 0.000, -0.146, 0.989]
- Rotation: in RPY (radian) [0.000, 0.000, -0.293]
- Rotation: in RPY (degree) [0.000, 0.000, -16.811]
- Matrix:
  0.957  0.289  0.000  0.023
 -0.289  0.957 -0.000  0.000
 -0.000  0.000  1.000  0.000
  0.000  0.000  0.000  1.000
At time 1761051915.871562177
- Translation: [0.011, 0.000, 0.000]
- Rotation: in Quaternion (xyzw) [0.000, 0.000, -0.148, 0.989]
- Rotation: in RPY (radian) [0.000, 0.000, -0.297]
- Rotation: in RPY (degree) [0.000, 0.000, -17.027]
- Matrix:
  0.956  0.293  0.000  0.011
 -0.293  0.956 -0.000  0.000
 -0.000  0.000  1.000  0.000
  0.000  0.000  0.000  1.000
At time 1761051916.863711599
- Translation: [0.006, 0.000, 0.000]
- Rotation: in Quaternion (xyzw) [0.000, 0.000, -0.149, 0.989]
- Rotation: in RPY (radian) [0.000, 0.000, -0.299]
- Rotation: in RPY (degree) [0.000, 0.000, -17.131]
- Matrix:
  0.956  0.295  0.000  0.006
 -0.295  0.956 -0.000  0.000
 -0.000  0.000  1.000  0.000
  0.000  0.000  0.000  1.000
At time 1761051917.872008189
- Translation: [0.003, 0.000, 0.000]
- Rotation: in Quaternion (xyzw) [0.000, 0.000, -0.149, 0.989]
- Rotation: in RPY (radian) [0.000, 0.000, -0.300]
- Rotation: in RPY (degree) [0.000, 0.000, -17.187]
- Matrix:
  0.955  0.295  0.000  0.003
 -0.295  0.955 -0.000  0.000
 -0.000  0.000  1.000  0.000
  0.000  0.000  0.000  1.000
At time 1761051918.863545832
- Translation: [0.001, 0.000, 0.000]
- Rotation: in Quaternion (xyzw) [0.000, 0.000, -0.150, 0.989]
- Rotation: in RPY (radian) [0.000, 0.000, -0.300]
- Rotation: in RPY (degree) [0.000, 0.000, -17.208]
- Matrix:
  0.955  0.296  0.000  0.001
 -0.296  0.955 -0.000  0.000
 -0.000  0.000  1.000  0.000
  0.000  0.000  0.000  1.000
At time 1761051919.823377213
- Translation: [0.001, -0.000, 0.000]
- Rotation: in Quaternion (xyzw) [0.000, 0.000, -0.150, 0.989]
- Rotation: in RPY (radian) [0.000, 0.000, -0.300]
- Rotation: in RPY (degree) [0.000, 0.000, -17.212]
- Matrix:
  0.955  0.296  0.000  0.001
 -0.296  0.955 -0.000 -0.000
 -0.000  0.000  1.000  0.000
  0.000  0.000  0.000  1.000
At time 1761051919.823377213
- Translation: [0.001, -0.000, 0.000]
- Rotation: in Quaternion (xyzw) [0.000, 0.000, -0.150, 0.989]
- Rotation: in RPY (radian) [0.000, 0.000, -0.300]
- Rotation: in RPY (degree) [0.000, 0.000, -17.212]
- Matrix:
  0.955  0.296  0.000  0.001
 -0.296  0.955 -0.000 -0.000
 -0.000  0.000  1.000  0.000
  0.000  0.000  0.000  1.000
At time 1761051919.823377213
- Translation: [0.001, -0.000, 0.000]
- Rotation: in Quaternion (xyzw) [0.000, 0.000, -0.150, 0.989]
- Rotation: in RPY (radian) [0.000, 0.000, -0.300]
- Rotation: in RPY (degree) [0.000, 0.000, -17.212]
- Matrix:
  0.955  0.296  0.000  0.001
 -0.296  0.955 -0.000 -0.000
 -0.000  0.000  1.000  0.000
  0.000  0.000  0.000  1.000
At time 1761051919.823377213
- Translation: [0.001, -0.000, 0.000]
- Rotation: in Quaternion (xyzw) [0.000, 0.000, -0.150, 0.989]
- Rotation: in RPY (radian) [0.000, 0.000, -0.300]
- Rotation: in RPY (degree) [0.000, 0.000, -17.212]
- Matrix:
  0.955  0.296  0.000  0.001
 -0.296  0.955 -0.000 -0.000
 -0.000  0.000  1.000  0.000
  0.000  0.000  0.000  1.000
At time 1761051919.823377213
- Translation: [0.001, -0.000, 0.000]
- Rotation: in Quaternion (xyzw) [0.000, 0.000, -0.150, 0.989]
- Rotation: in RPY (radian) [0.000, 0.000, -0.300]
- Rotation: in RPY (degree) [0.000, 0.000, -17.212]
- Matrix:
  0.955  0.296  0.000  0.001
 -0.296  0.955 -0.000 -0.000
 -0.000  0.000  1.000  0.000
  0.000  0.000  0.000  1.000
At time 1761051919.823377213
- Translation: [0.001, -0.000, 0.000]
- Rotation: in Quaternion (xyzw) [0.000, 0.000, -0.150, 0.989]
- Rotation: in RPY (radian) [0.000, 0.000, -0.300]
- Rotation: in RPY (degree) [0.000, 0.000, -17.212]
- Matrix:
  0.955  0.296  0.000  0.001
 -0.296  0.955 -0.000 -0.000
 -0.000  0.000  1.000  0.000
  0.000  0.000  0.000  1.000
